<?xml version="1.0" standalone="no"?>
<!DOCTYPE svg PUBLIC "-//W3C//DTD SVG 20010904//EN"
 "http://www.w3.org/TR/2001/REC-SVG-20010904/DTD/svg10.dtd">
<svg version="1.0" xmlns="http://www.w3.org/2000/svg"
 width="110.000000pt" height="110.000000pt" viewBox="0 0 110.000000 110.000000"
 preserveAspectRatio="xMidYMid meet">
<metadata>
Created by potrace 1.16, written by Peter Selinger 2001-2019
</metadata>
<g transform="translate(0.000000,110.000000) scale(0.100000,-0.100000)"
fill="#000000" stroke="none">
<path d="M0 550 l0 -550 550 0 550 0 0 550 0 550 -550 0 -550 0 0 -550z m649
514 c2 -2 -72 -4 -166 -4 -162 0 -171 -1 -189 -22 l-19 -22 25 17 c21 15 56
17 259 17 227 0 235 -1 258 -22 20 -19 23 -30 22 -97 0 -42 -4 -85 -8 -96 -5
-11 -4 -25 1 -32 8 -10 5 -13 -8 -14 -11 -1 -23 -1 -27 0 -16 3 5 -21 27 -29
19 -8 18 -9 -12 -16 -26 -5 -30 -9 -21 -20 8 -10 8 -14 0 -14 -25 0 -9 -29 21
-35 29 -7 30 -9 15 -20 -17 -12 -17 -13 0 -19 15 -6 15 -8 3 -16 -12 -7 -12
-12 -2 -22 17 -17 15 -28 -5 -21 -15 5 -16 3 -5 -8 14 -16 16 -33 2 -24 -5 3
-10 0 -10 -8 0 -9 -9 -13 -25 -12 -14 2 -23 -1 -20 -5 8 -13 -16 -23 -27 -12
-8 8 -16 4 -28 -11 -23 -28 -16 -45 18 -40 15 1 21 0 14 -3 -10 -5 -9 -10 5
-21 10 -8 12 -12 6 -8 -7 3 -13 1 -13 -6 0 -8 -4 -8 -15 1 -12 10 -15 10 -15
-3 0 -8 7 -20 15 -27 8 -7 15 -20 15 -29 -1 -14 -2 -13 -11 2 -10 16 -14 12
-35 -33 -19 -41 -28 -51 -41 -46 -10 4 -14 4 -11 0 14 -13 -24 -65 -60 -82
-28 -13 -37 -23 -37 -42 0 -20 8 -27 39 -38 48 -15 68 -3 61 39 -6 34 23 56
54 40 10 -6 21 -8 23 -5 3 2 11 -2 18 -11 10 -13 7 -14 -28 -10 -28 2 -45 -1
-53 -11 -10 -13 -8 -13 15 -4 35 13 36 13 36 -4 0 -9 -9 -13 -24 -12 -23 3
-28 -7 -13 -31 8 -13 -8 -27 -22 -18 -5 3 -12 1 -16 -5 -9 -15 -25 -12 -25 5
0 10 -10 15 -28 15 -32 0 -65 30 -67 61 -1 14 11 29 39 47 28 17 36 27 26 30
-8 3 -18 10 -22 15 -3 6 -12 12 -20 13 -7 1 -21 5 -30 9 -10 4 -18 5 -18 1 0
-13 45 -46 64 -47 21 0 21 -1 1 -8 -11 -5 -26 -6 -32 -4 -8 3 -13 -3 -13 -12
0 -17 -1 -17 -19 -1 -11 10 -25 15 -32 10 -8 -5 -10 -3 -4 6 6 10 4 12 -8 7
-11 -4 -14 -2 -10 9 3 10 12 12 27 8 20 -6 19 -5 -4 18 -14 13 -29 23 -35 20
-5 -2 -1 4 9 12 15 12 16 16 5 17 -8 1 -24 3 -36 4 -12 1 -20 -2 -17 -6 5 -9
-25 -57 -62 -97 -23 -26 -38 -17 -47 28 -2 14 -5 -14 -6 -62 -1 -80 1 -89 26
-119 24 -29 25 -31 5 -20 -25 13 -39 36 -46 75 -3 14 -7 35 -11 45 -3 11 -1
22 5 26 5 3 10 11 10 16 0 6 -3 8 -8 5 -8 -5 -14 729 -6 784 5 38 28 58 79 71
28 7 315 0 324 -7z m205 -17 c20 -27 21 -41 24 -370 1 -188 0 -339 -3 -336 -3
3 -6 158 -8 343 l-2 338 -34 30 c-22 19 -27 29 -16 26 10 -1 27 -16 39 -31z
m-304 -789 c0 -4 -4 -8 -9 -8 -6 0 -12 4 -15 8 -3 5 1 9 9 9 8 0 15 -4 15 -9z
m92 -60 c-7 -7 -12 -22 -12 -34 0 -25 -28 -39 -60 -29 -28 9 -26 43 4 51 14 3
32 15 42 25 12 13 21 16 28 9 7 -7 6 -14 -2 -22z m-142 -54 c0 -8 -4 -14 -9
-14 -12 0 -32 26 -25 33 10 9 34 -4 34 -19z m375 -53 c-4 -17 -10 -33 -14 -36
-5 -2 -3 13 2 35 13 46 22 46 12 1z m-595 -61 c0 -3 -9 9 -20 25 -11 17 -20
37 -20 45 0 8 9 -3 20 -25 11 -22 20 -42 20 -45z"/>
<path d="M359 953 c-13 -16 -12 -17 4 -4 9 7 17 15 17 17 0 8 -8 3 -21 -13z"/>
<path d="M555 920 c-3 -5 1 -10 9 -10 9 0 16 5 16 10 0 6 -4 10 -9 10 -6 0
-13 -4 -16 -10z"/>
<path d="M635 880 c3 -5 11 -10 16 -10 6 0 7 5 4 10 -3 6 -11 10 -16 10 -6 0
-7 -4 -4 -10z"/>
<path d="M330 851 c0 -6 5 -11 11 -11 6 0 9 -7 5 -15 -3 -8 -2 -15 3 -15 5 0
11 -9 14 -21 3 -11 15 -23 26 -26 12 -3 21 -9 21 -14 0 -5 7 -6 16 -2 14 5 13
8 -5 18 -12 6 -18 14 -15 18 4 4 -4 7 -17 7 -19 0 -21 2 -9 10 13 8 12 10 -2
10 -10 0 -18 6 -18 14 0 7 -7 19 -15 26 -10 9 -15 9 -15 1z"/>
<path d="M680 843 c8 -3 24 -10 35 -15 20 -9 20 -9 1 6 -11 9 -27 16 -35 15
-14 0 -14 -1 -1 -6z"/>
<path d="M560 830 c0 -5 5 -10 11 -10 5 0 7 5 4 10 -3 6 -8 10 -11 10 -2 0 -4
-4 -4 -10z"/>
<path d="M441 803 c0 -17 4 -35 9 -38 6 -4 8 -9 6 -13 -2 -4 7 -8 20 -8 l24
-2 -24 19 c-14 11 -27 32 -29 47 -4 25 -4 25 -6 -5z"/>
<path d="M416 805 c4 -8 8 -15 10 -15 2 0 4 7 4 15 0 8 -4 15 -10 15 -5 0 -7
-7 -4 -15z"/>
<path d="M540 784 c0 -8 7 -17 15 -20 12 -5 13 -10 4 -20 -8 -10 -5 -15 15
-20 14 -3 31 -4 38 -1 7 3 1 6 -14 6 -20 1 -26 5 -22 16 5 12 10 13 20 4 9 -7
14 -8 14 -1 0 5 -16 19 -35 31 -29 17 -35 18 -35 5z"/>
<path d="M470 786 c0 -2 7 -6 15 -10 8 -3 15 -1 15 4 0 6 -7 10 -15 10 -8 0
-15 -2 -15 -4z"/>
<path d="M730 730 c-8 -5 -12 -12 -9 -15 4 -3 12 1 19 10 14 17 11 19 -10 5z"/>
<path d="M510 706 c0 -2 8 -10 18 -17 15 -13 16 -12 3 4 -13 16 -21 21 -21 13z"/>
<path d="M710 670 c0 -11 -3 -19 -8 -17 -4 1 -18 -8 -32 -20 -13 -13 -21 -23
-17 -23 13 0 57 24 57 31 0 4 7 14 15 22 13 13 13 16 0 21 -10 4 -15 -1 -15
-14z"/>
<path d="M732 610 c-35 -32 -52 -38 -52 -17 -1 7 -6 4 -15 -7 -13 -18 -35 -15
-35 5 0 6 5 7 12 3 7 -4 8 -3 4 5 -10 16 -26 4 -26 -19 0 -10 -4 -21 -9 -25
-6 -3 -8 4 -6 15 4 19 0 21 -33 18 -25 -2 -36 -7 -34 -17 1 -7 -5 -19 -15 -26
-31 -23 -11 -24 70 -6 51 12 79 15 84 8 3 -6 1 -7 -5 -3 -8 4 -10 2 -6 -8 3
-8 -2 -16 -13 -19 -14 -4 -14 -5 5 -6 13 -1 23 5 23 14 1 8 2 21 3 28 0 6 7
13 14 13 6 1 24 3 40 4 25 3 25 3 3 7 l-23 5 28 29 c36 37 28 37 -14 -1z"/>
<path d="M373 566 c0 -12 5 -13 21 -4 31 16 32 18 4 18 -15 0 -25 -6 -25 -14z"/>
<path d="M750 550 c0 -6 7 -10 15 -10 8 0 15 2 15 4 0 2 -7 6 -15 10 -8 3 -15
1 -15 -4z"/>
<path d="M555 406 c-22 -12 -52 -26 -67 -30 -23 -5 -28 -3 -28 13 0 11 -4 22
-10 26 -5 3 -8 -7 -7 -25 2 -26 6 -30 32 -31 17 -1 35 0 40 1 44 12 68 11 85
-5 18 -16 20 -16 36 0 16 16 16 20 3 44 -19 34 -35 35 -84 7z m69 -9 c8 -12 7
-20 -2 -29 -14 -14 -17 -11 -26 25 -8 32 9 34 28 4z m-50 -5 c2 -4 -5 -9 -17
-9 -17 -2 -19 0 -7 7 18 12 18 12 24 2z"/>
<path d="M401 384 c0 -11 3 -14 6 -6 3 7 2 16 -1 19 -3 4 -6 -2 -5 -13z"/>
<path d="M552 329 c2 -7 10 -15 17 -17 8 -3 12 1 9 9 -2 7 -10 15 -17 17 -8 3
-12 -1 -9 -9z"/>
</g>
</svg>
